              precision    recall  f1-score   support

           ا       0.99      0.99      0.99      1000
           ب       0.97      0.97      0.97      1000
           ت       0.96      0.95      0.96      1000
           ث       0.92      0.91      0.92       897
           ج       0.99      0.96      0.98       944
           ح       0.99      0.93      0.96       628
           خ       0.94      0.96      0.95       775
           د       0.99      0.96      0.97      1000
           ذ       0.97      0.98      0.97      1000
           ر       0.96      0.98      0.97      1000
           ز       0.97      0.97      0.97      1000
           س       0.91      0.96      0.94      1000
           ش       0.95      0.97      0.96      1000
           ص       0.99      0.95      0.97      1000
           ض       0.97      0.95      0.96      1000
           ط       0.91      0.95      0.93      1000
           ظ       0.92      0.95      0.93      1000
           ع       0.97      0.95      0.96      1000
           غ       0.94      0.91      0.92       988
           ف       0.93      0.98      0.95      1000
           ق       0.99      0.95      0.97      1000
           ك       1.00      0.96      0.98      1000
           ل       0.98      0.98      0.98      1566
          لا       0.99      0.99      0.99      1000
           م       0.96      0.99      0.97      1021
           ن       0.97      0.95      0.96      1000
           ه       0.94      0.98      0.96      1000
           و       0.99      0.99      0.99      1000
           ي       0.99      0.97      0.98      1011

    accuracy                           0.96     28830
   macro avg       0.96      0.96      0.96     28830
weighted avg       0.96      0.96      0.96     28830
